602001400
185300076
000000000
000002040
070098010
000000050
006400190
234000800
019083020

050406000
000200000
084703600
002031498
800000025
549000000
760100042
005060000
900000500

750000000
003040021
400100075
000078000
060409010
020500000
000080000
100007064
000003002

720500000
500040600
080100000
000003009
043000000
000006050
001600407
000009000
090000020

530070000
600195000
098000060
800060003
400803001
700020006
060000280
000419005
000080079

920150000
000070040
000009185
032060010
400007800
700800092
001090008
086000000
200001000

965140000
070300900
800097405
090704502
000210300
042009086
086000009
009801050
307060008

000070090
706340001
801250740
102090074
409032005
500700020
913420650
007000000
054080010

300090410
040007520
602030009
008900000
500080390
790500100
400052000
000009050
005004087

000600003
030082010
261500000
000000069
100274000
803900001
304008000
000025004
070040085